344
340
348
344
344


108
100
100
108
108


244
248
244
248
244


388
384
380
384
384


536
536
532
532
536


680
672
680
676
672


820
820
824
824
824


968
968
968
968
968


1108
1120
1108
1112
1116


1284
1276
1276
1284
1276


1420
1424
1424
1424
1424


1600
1596
1592
1600
1600


1736
1740
1740
1740
1744


1888
1888
1876
1880
1876


2004
2012
2012
2012
2012


2176
2156
2176
2176
2156


2324
2328
2328
2324
2324


2472
2472
2472
2476
2476


2620
2576
2620
2624
2620


2744
2740
2740
2740
2740


2908
2908
2908
2908
2908


3056
3060
3056
3048
3048


3204
3176
3180
3176
3176


3320
3324
3324
3324
3320


3488
3484
3464
3460
3464


3640
3612
3616
3616
3612


3776
3760
3760
3760
3760


3916
3916
3920
3916
3920


4072
4076
4068
4068
4076


4216
4216
4216
4212
4216
